 0.000680325
 3.207126995
 1.621648141
 1.637243750
 1.639805816
 1.652307937
 1.653381612
 1.681090257
 0.099725367
13.263704721
 
 0.015254663
 3.378024465
 1.630009048
 1.641226027
 1.646293937
 1.652535876
 1.669773087
 1.666866866
 0.095110466
13.453327353
 
 0.000282907
 3.207837509
 1.636039303
 1.637260529
 1.646060487
 1.659348056
 1.684895045
 1.662235561
 0.094407267
13.300711587
 
 0.000143203
 3.195577148
 1.667496409
 1.683448429
 1.682550050
 1.691796831
 1.704715014
 1.705705450
 0.094578694
13.498964983
 
 0.000284993
 3.204097068
 1.642765270
 1.640302840
 1.643871597
 1.655470938
 1.661343103
 1.662408883
 0.095081594
13.280124409
 
 0.000281977
 3.194666950
 1.634835077
 1.638915961
 1.648764116
 1.655705347
 1.654605318
 1.666549434
 0.094378664
13.260998568
 
 0.000128501
 3.195700404
 1.628241794
 1.637517907
 1.642540371
 1.650186499
 1.650077404
 1.655130041
 0.094289992
13.226031308
 
 0.000131105
 3.187278447
 1.643052581
 1.651494145
 1.653006739
 1.664495490
 1.660914605
 1.661598132
 0.094229011
13.288437758
 
 0.000131037
 3.196640274
 1.638652888
 1.650225990
 1.643014093
 1.658289279
 1.665785395
 1.666540285
 0.094674687
13.286791064
 
 0.000130401
 3.195435242
 1.645294448
 1.656409989
 1.653556190
 1.669000913
 1.676979575
 1.672578269
 0.094698722
13.336954365
 
 0.000130161
 3.197076193
 1.632649109
 1.655194718
 1.642658238
 1.673413353
 1.674736660
 1.671698402
 0.094782104
13.315379986
  
